crossing time (s)	slope (V/s)	crossing number
281474976710655.000000	20.988888	640	0.000000
281474976710655.000000	22.873096	641	0.000000
281474976710655.000000	20.428770	642	0.000000
281474976710655.000000	18.764643	643	0.000000
281474976710655.000000	21.010889	644	0.000000
281474976710655.000000	19.720583	645	0.000000
281474976710655.000000	22.124226	646	0.000000
281474976710655.000000	20.071444	647	0.000000
281474976710655.000000	22.088902	648	0.000000
281474976710655.000000	20.906799	649	0.000000
281474976710655.000000	20.344950	650	0.000000
281474976710655.000000	22.700039	651	0.000000
281474976710655.000000	20.615198	652	0.000000
281474976710655.000000	19.956167	653	0.000000
281474976710655.000000	21.135090	654	0.000000
281474976710655.000000	18.930199	655	0.000000
281474976710655.000000	21.139530	656	0.000000
281474976710655.000000	19.833876	657	0.000000
281474976710655.000000	21.796833	658	0.000000
281474976710655.000000	21.863226	659	0.000000
281474976710655.000000	20.135881	660	0.000000
281474976710655.000000	20.466063	661	0.000000
281474976710655.000000	19.792942	662	0.000000
281474976710655.000000	21.209156	663	0.000000
281474976710655.000000	20.491722	664	0.000000
281474976710655.000000	20.827854	665	0.000000
281474976710655.000000	21.648413	666	0.000000
281474976710655.000000	20.765591	667	0.000000
281474976710655.000000	19.140728	668	0.000000
281474976710655.000000	18.557922	669	0.000000
281474976710655.000000	20.755489	670	0.000000
281474976710655.000000	19.545134	671	0.000000
281474976710655.000000	19.875742	672	0.000000
281474976710655.000000	20.211649	673	0.000000
281474976710655.000000	21.341345	674	0.000000
281474976710655.000000	18.941139	675	0.000000
281474976710655.000000	20.148670	676	0.000000
281474976710655.000000	19.515289	677	0.000000
281474976710655.000000	21.499798	678	0.000000
281474976710655.000000	20.089771	679	0.000000
281474976710655.000000	21.989658	680	0.000000
281474976710655.000000	19.416834	681	0.000000
281474976710655.000000	19.676435	682	0.000000
281474976710655.000000	19.945164	683	0.000000
281474976710655.000000	19.718960	684	0.000000
281474976710655.000000	20.736868	685	0.000000
281474976710655.000000	19.217915	686	0.000000
281474976710655.000000	19.379969	687	0.000000
281474976710655.000000	19.870905	688	0.000000
281474976710655.000000	18.986401	689	0.000000
281474976710655.000000	19.141378	690	0.000000
281474976710655.000000	19.564047	691	0.000000
281474976710655.000000	20.912659	692	0.000000
281474976710655.000000	19.966032	693	0.000000
281474976710655.000000	19.641911	694	0.000000
281474976710655.000000	19.677547	695	0.000000
281474976710655.000000	19.458801	696	0.000000
281474976710655.000000	19.521410	697	0.000000
281474976710655.000000	20.641779	698	0.000000
281474976710655.000000	19.219423	699	0.000000
281474976710655.000000	19.379889	700	0.000000
281474976710655.000000	19.653267	701	0.000000
281474976710655.000000	17.732012	702	0.000000
281474976710655.000000	18.088757	703	0.000000
281474976710655.000000	20.121017	704	0.000000
281474976710655.000000	18.892120	705	0.000000
281474976710655.000000	20.585676	706	0.000000
281474976710655.000000	19.645567	707	0.000000
281474976710655.000000	19.687965	708	0.000000
281474976710655.000000	18.967083	709	0.000000
281474976710655.000000	19.553066	710	0.000000
281474976710655.000000	20.107758	711	0.000000
281474976710655.000000	19.129658	712	0.000000
281474976710655.000000	19.882195	713	0.000000
281474976710655.000000	19.526030	714	0.000000
281474976710655.000000	19.546160	715	0.000000
281474976710655.000000	19.524689	716	0.000000
281474976710655.000000	18.900780	717	0.000000
281474976710655.000000	18.981039	718	0.000000
281474976710655.000000	19.097822	719	0.000000
281474976710655.000000	21.325594	720	0.000000
281474976710655.000000	17.377663	721	0.000000
281474976710655.000000	19.984737	722	0.000000
281474976710655.000000	16.770597	723	0.000000
281474976710655.000000	19.585005	724	0.000000
281474976710655.000000	18.534981	725	0.000000
281474976710655.000000	17.155111	726	0.000000
281474976710655.000000	18.879374	727	0.000000
281474976710655.000000	18.614489	728	0.000000
281474976710655.000000	19.816601	729	0.000000
281474976710655.000000	18.728609	730	0.000000
281474976710655.000000	19.483231	731	0.000000
281474976710655.000000	19.318922	732	0.000000
281474976710655.000000	17.822573	733	0.000000
281474976710655.000000	18.614363	734	0.000000
281474976710655.000000	19.433460	735	0.000000
281474976710655.000000	17.807108	736	0.000000
281474976710655.000000	18.780001	737	0.000000
281474976710655.000000	19.468180	738	0.000000
281474976710655.000000	17.677097	739	0.000000
281474976710655.000000	19.059649	740	0.000000
281474976710655.000000	19.070364	741	0.000000
281474976710655.000000	18.511707	742	0.000000
281474976710655.000000	18.778988	743	0.000000
281474976710655.000000	19.096224	744	0.000000
281474976710655.000000	18.872654	745	0.000000
281474976710655.000000	19.603626	746	0.000000
281474976710655.000000	18.562752	747	0.000000
281474976710655.000000	19.682949	748	0.000000
281474976710655.000000	18.042274	749	0.000000
281474976710655.000000	17.587906	750	0.000000
281474976710655.000000	18.596169	751	0.000000
281474976710655.000000	18.452068	752	0.000000
281474976710655.000000	17.783377	753	0.000000
281474976710655.000000	19.457487	754	0.000000
281474976710655.000000	17.792065	755	0.000000
281474976710655.000000	19.480244	756	0.000000
281474976710655.000000	19.627253	757	0.000000
281474976710655.000000	19.195896	758	0.000000
281474976710655.000000	18.436316	759	0.000000
281474976710655.000000	18.596895	760	0.000000
281474976710655.000000	18.203020	761	0.000000
281474976710655.000000	17.762587	762	0.000000
281474976710655.000000	18.019047	763	0.000000
281474976710655.000000	19.240673	764	0.000000
281474976710655.000000	17.443642	765	0.000000
281474976710655.000000	16.503399	766	0.000000
281474976710655.000000	16.906612	767	0.000000
281474976710655.000000	17.646681	768	0.000000
281474976710655.000000	16.978632	769	0.000000
281474976710655.000000	17.511822	770	0.000000
281474976710655.000000	18.652515	771	0.000000
281474976710655.000000	18.409868	772	0.000000
281474976710655.000000	17.205929	773	0.000000
281474976710655.000000	18.138926	774	0.000000
281474976710655.000000	17.750742	775	0.000000
281474976710655.000000	18.563412	776	0.000000
281474976710655.000000	17.241617	777	0.000000
281474976710655.000000	17.473543	778	0.000000
281474976710655.000000	17.101078	779	0.000000
281474976710655.000000	17.889463	780	0.000000
281474976710655.000000	17.535833	781	0.000000
281474976710655.000000	17.217318	782	0.000000
281474976710655.000000	17.689720	783	0.000000
281474976710655.000000	17.725019	784	0.000000
281474976710655.000000	16.617434	785	0.000000
281474976710655.000000	19.467159	786	0.000000
281474976710655.000000	16.703920	787	0.000000
281474976710655.000000	18.049133	788	0.000000
281474976710655.000000	17.786428	789	0.000000
281474976710655.000000	17.037596	790	0.000000
281474976710655.000000	16.780415	791	0.000000
281474976710655.000000	17.859180	792	0.000000
281474976710655.000000	17.496939	793	0.000000
281474976710655.000000	17.178589	794	0.000000
281474976710655.000000	17.600189	795	0.000000
281474976710655.000000	17.581049	796	0.000000
281474976710655.000000	18.059458	797	0.000000
281474976710655.000000	16.597998	798	0.000000
281474976710655.000000	17.414886	799	0.000000
281474976710655.000000	17.695045	800	0.000000
281474976710655.000000	17.154743	801	0.000000
281474976710655.000000	17.960039	802	0.000000
281474976710655.000000	16.104666	803	0.000000
281474976710655.000000	18.143723	804	0.000000
281474976710655.000000	16.887213	805	0.000000
281474976710655.000000	18.274004	806	0.000000
281474976710655.000000	17.674786	807	0.000000
281474976710655.000000	16.949858	808	0.000000
281474976710655.000000	16.942596	809	0.000000
281474976710655.000000	16.672794	810	0.000000
281474976710655.000000	16.452551	811	0.000000
281474976710655.000000	16.915674	812	0.000000
281474976710655.000000	16.726395	813	0.000000
281474976710655.000000	17.367235	814	0.000000
281474976710655.000000	17.883011	815	0.000000
281474976710655.000000	18.023552	816	0.000000
281474976710655.000000	16.829409	817	0.000000
281474976710655.000000	17.844654	818	0.000000
281474976710655.000000	16.467569	819	0.000000
281474976710655.000000	17.237741	820	0.000000
281474976710655.000000	16.515039	821	0.000000
281474976710655.000000	17.350811	822	0.000000
281474976710655.000000	17.278267	823	0.000000
281474976710655.000000	16.707359	824	0.000000
281474976710655.000000	17.618130	825	0.000000
281474976710655.000000	16.248884	826	0.000000
281474976710655.000000	17.921679	827	0.000000
281474976710655.000000	17.080149	828	0.000000
281474976710655.000000	16.821445	829	0.000000
281474976710655.000000	17.032887	830	0.000000
281474976710655.000000	17.123837	831	0.000000
281474976710655.000000	16.252773	832	0.000000
281474976710655.000000	16.136133	833	0.000000
281474976710655.000000	17.294262	834	0.000000
281474976710655.000000	16.240129	835	0.000000
281474976710655.000000	16.652637	836	0.000000
281474976710655.000000	16.494930	837	0.000000
281474976710655.000000	16.695219	838	0.000000
281474976710655.000000	16.415550	839	0.000000
281474976710655.000000	16.761049	840	0.000000
281474976710655.000000	16.072618	841	0.000000
281474976710655.000000	17.437878	842	0.000000
281474976710655.000000	16.264515	843	0.000000
281474976710655.000000	17.336418	844	0.000000
281474976710655.000000	16.314838	845	0.000000
281474976710655.000000	17.319141	846	0.000000
281474976710655.000000	15.539648	847	0.000000
281474976710655.000000	16.801826	848	0.000000
281474976710655.000000	16.474560	849	0.000000
281474976710655.000000	17.339943	850	0.000000
281474976710655.000000	16.561262	851	0.000000
281474976710655.000000	16.416021	852	0.000000
281474976710655.000000	16.500420	853	0.000000
281474976710655.000000	17.521854	854	0.000000
281474976710655.000000	16.183643	855	0.000000
281474976710655.000000	17.378706	856	0.000000
281474976710655.000000	16.318026	857	0.000000
281474976710655.000000	16.243654	858	0.000000
281474976710655.000000	15.964035	859	0.000000
281474976710655.000000	16.356089	860	0.000000
281474976710655.000000	16.268290	861	0.000000
281474976710655.000000	16.551924	862	0.000000
281474976710655.000000	16.379116	863	0.000000
281474976710655.000000	16.275480	864	0.000000
281474976710655.000000	15.840000	865	0.000000
281474976710655.000000	15.531555	866	0.000000
281474976710655.000000	16.752501	867	0.000000
281474976710655.000000	16.981815	868	0.000000
281474976710655.000000	15.874249	869	0.000000
281474976710655.000000	15.697656	870	0.000000
281474976710655.000000	15.627623	871	0.000000
281474976710655.000000	16.465309	872	0.000000
281474976710655.000000	15.778366	873	0.000000
281474976710655.000000	16.205877	874	0.000000
281474976710655.000000	15.681849	875	0.000000
281474976710655.000000	16.027760	876	0.000000
281474976710655.000000	15.901761	877	0.000000
281474976710655.000000	15.895230	878	0.000000
281474976710655.000000	16.088919	879	0.000000
281474976710655.000000	15.881344	880	0.000000
281474976710655.000000	15.793673	881	0.000000
281474976710655.000000	15.883669	882	0.000000
281474976710655.000000	15.129778	883	0.000000
281474976710655.000000	16.405060	884	0.000000
281474976710655.000000	15.390169	885	0.000000
281474976710655.000000	15.395028	886	0.000000
281474976710655.000000	15.803448	887	0.000000
281474976710655.000000	16.233059	888	0.000000
281474976710655.000000	15.347826	889	0.000000
281474976710655.000000	15.835792	890	0.000000
281474976710655.000000	15.857998	891	0.000000
281474976710655.000000	15.970569	892	0.000000
281474976710655.000000	15.783060	893	0.000000
281474976710655.000000	16.219995	894	0.000000
281474976710655.000000	15.656028	895	0.000000
281474976710655.000000	15.146741	896	0.000000
281474976710655.000000	14.909310	897	0.000000
281474976710655.000000	15.675876	898	0.000000
281474976710655.000000	15.943625	899	0.000000
281474976710655.000000	15.562922	900	0.000000
281474976710655.000000	15.197575	901	0.000000
281474976710655.000000	15.338381	902	0.000000
281474976710655.000000	14.960296	903	0.000000
281474976710655.000000	14.943401	904	0.000000
281474976710655.000000	15.436307	905	0.000000
281474976710655.000000	15.662806	906	0.000000
281474976710655.000000	15.463476	907	0.000000
281474976710655.000000	15.735885	908	0.000000
281474976710655.000000	15.506343	909	0.000000
281474976710655.000000	15.194263	910	0.000000
281474976710655.000000	15.286459	911	0.000000
281474976710655.000000	15.130126	912	0.000000
281474976710655.000000	15.651322	913	0.000000
281474976710655.000000	15.418552	914	0.000000
281474976710655.000000	14.872651	915	0.000000
281474976710655.000000	15.139877	916	0.000000
281474976710655.000000	14.570230	917	0.000000
281474976710655.000000	14.785796	918	0.000000
281474976710655.000000	15.208632	919	0.000000
281474976710655.000000	14.819776	920	0.000000
281474976710655.000000	15.142563	921	0.000000
281474976710655.000000	14.738076	922	0.000000
281474976710655.000000	14.607213	923	0.000000
281474976710655.000000	15.194378	924	0.000000
281474976710655.000000	15.050021	925	0.000000
281474976710655.000000	14.625523	926	0.000000
281474976710655.000000	15.359027	927	0.000000
281474976710655.000000	14.582483	928	0.000000
281474976710655.000000	14.692380	929	0.000000
281474976710655.000000	14.490950	930	0.000000
281474976710655.000000	14.776740	931	0.000000
281474976710655.000000	14.384469	932	0.000000
281474976710655.000000	14.844062	933	0.000000
281474976710655.000000	15.165106	934	0.000000
281474976710655.000000	15.194658	935	0.000000
281474976710655.000000	14.900714	936	0.000000
281474976710655.000000	14.681777	937	0.000000
281474976710655.000000	14.191323	938	0.000000
281474976710655.000000	15.293480	939	0.000000
281474976710655.000000	14.818752	940	0.000000
281474976710655.000000	14.328307	941	0.000000
281474976710655.000000	15.416985	942	0.000000
281474976710655.000000	14.642818	943	0.000000
281474976710655.000000	14.995114	944	0.000000
281474976710655.000000	14.369236	945	0.000000
281474976710655.000000	14.824988	946	0.000000
281474976710655.000000	14.095514	947	0.000000
281474976710655.000000	14.681706	948	0.000000
281474976710655.000000	14.386662	949	0.000000
281474976710655.000000	15.283839	950	0.000000
281474976710655.000000	14.175098	951	0.000000
281474976710655.000000	14.363052	952	0.000000
281474976710655.000000	13.935309	953	0.000000
281474976710655.000000	14.258726	954	0.000000
281474976710655.000000	14.238879	955	0.000000
281474976710655.000000	14.226143	956	0.000000
281474976710655.000000	14.174234	957	0.000000
281474976710655.000000	14.052290	958	0.000000
281474976710655.000000	14.886900	959	0.000000
281474976710655.000000	14.794986	960	0.000000
281474976710655.000000	14.171108	961	0.000000
281474976710655.000000	14.857613	962	0.000000
281474976710655.000000	14.300319	963	0.000000
281474976710655.000000	14.258178	964	0.000000
281474976710655.000000	14.728662	965	0.000000
281474976710655.000000	14.403839	966	0.000000
281474976710655.000000	14.472980	967	0.000000
281474976710655.000000	14.324032	968	0.000000
281474976710655.000000	13.648545	969	0.000000
281474976710655.000000	14.509386	970	0.000000
281474976710655.000000	13.975874	971	0.000000
281474976710655.000000	14.541218	972	0.000000
281474976710655.000000	13.954173	973	0.000000
281474976710655.000000	13.490273	974	0.000000
281474976710655.000000	13.969628	975	0.000000
281474976710655.000000	13.850172	976	0.000000
281474976710655.000000	13.652236	977	0.000000
281474976710655.000000	13.783962	978	0.000000
281474976710655.000000	13.789137	979	0.000000
281474976710655.000000	13.792870	980	0.000000
281474976710655.000000	14.311359	981	0.000000
281474976710655.000000	13.893899	982	0.000000
281474976710655.000000	13.783053	983	0.000000
281474976710655.000000	13.425964	984	0.000000
281474976710655.000000	13.804674	985	0.000000
281474976710655.000000	13.691837	986	0.000000
281474976710655.000000	14.042676	987	0.000000
281474976710655.000000	13.752239	988	0.000000
281474976710655.000000	13.326090	989	0.000000
281474976710655.000000	13.674497	990	0.000000
281474976710655.000000	13.834922	991	0.000000
281474976710655.000000	13.293934	992	0.000000
281474976710655.000000	13.349887	993	0.000000
281474976710655.000000	13.753039	994	0.000000
281474976710655.000000	13.819507	995	0.000000
281474976710655.000000	13.815610	996	0.000000
281474976710655.000000	13.336048	997	0.000000
281474976710655.000000	13.341385	998	0.000000
281474976710655.000000	14.228507	999	0.000000
281474976710655.000000	13.330324	1000	0.000000
281474976710655.000000	13.594909	1001	0.000000
281474976710655.000000	13.786009	1002	0.000000
281474976710655.000000	13.361488	1003	0.000000
281474976710655.000000	13.312893	1004	0.000000
281474976710655.000000	13.475791	1005	0.000000
281474976710655.000000	13.407944	1006	0.000000
281474976710655.000000	12.945624	1007	0.000000
281474976710655.000000	13.162543	1008	0.000000
281474976710655.000000	13.402845	1009	0.000000
281474976710655.000000	14.148177	1010	0.000000
281474976710655.000000	13.376232	1011	0.000000
281474976710655.000000	13.836710	1012	0.000000
281474976710655.000000	13.789088	1013	0.000000
281474976710655.000000	13.030643	1014	0.000000
281474976710655.000000	12.883351	1015	0.000000
281474976710655.000000	12.930736	1016	0.000000
281474976710655.000000	12.875701	1017	0.000000
281474976710655.000000	13.332461	1018	0.000000
281474976710655.000000	13.354812	1019	0.000000
281474976710655.000000	13.102800	1020	0.000000
281474976710655.000000	13.141418	1021	0.000000
281474976710655.000000	12.981139	1022	0.000000
281474976710655.000000	13.357602	1023	0.000000
281474976710655.000000	12.987447	1024	0.000000
281474976710655.000000	12.865616	1025	0.000000
281474976710655.000000	13.372079	1026	0.000000
281474976710655.000000	12.609721	1027	0.000000
281474976710655.000000	12.787834	1028	0.000000
281474976710655.000000	13.133560	1029	0.000000
281474976710655.000000	12.531384	1030	0.000000
281474976710655.000000	12.685471	1031	0.000000
281474976710655.000000	12.656431	1032	0.000000
281474976710655.000000	12.627168	1033	0.000000
281474976710655.000000	12.907498	1034	0.000000
281474976710655.000000	12.879148	1035	0.000000
281474976710655.000000	12.720056	1036	0.000000
281474976710655.000000	12.672645	1037	0.000000
281474976710655.000000	12.552521	1038	0.000000
281474976710655.000000	12.987522	1039	0.000000
281474976710655.000000	12.563979	1040	0.000000
281474976710655.000000	12.303662	1041	0.000000
281474976710655.000000	13.192977	1042	0.000000
281474976710655.000000	12.775899	1043	0.000000
281474976710655.000000	12.873902	1044	0.000000
281474976710655.000000	12.751691	1045	0.000000
281474976710655.000000	12.693237	1046	0.000000
281474976710655.000000	12.337836	1047	0.000000
281474976710655.000000	12.450401	1048	0.000000
281474976710655.000000	13.319633	1049	0.000000
281474976710655.000000	12.783191	1050	0.000000
281474976710655.000000	12.510539	1051	0.000000
281474976710655.000000	12.406541	1052	0.000000
281474976710655.000000	12.314418	1053	0.000000
281474976710655.000000	12.300075	1054	0.000000
281474976710655.000000	12.703954	1055	0.000000
281474976710655.000000	12.756793	1056	0.000000
281474976710655.000000	12.639927	1057	0.000000
281474976710655.000000	12.922186	1058	0.000000
281474976710655.000000	12.348687	1059	0.000000
281474976710655.000000	13.097510	1060	0.000000
281474976710655.000000	12.453220	1061	0.000000
281474976710655.000000	12.292283	1062	0.000000
281474976710655.000000	12.000396	1063	0.000000
281474976710655.000000	12.122383	1064	0.000000
281474976710655.000000	12.454383	1065	0.000000
281474976710655.000000	12.313157	1066	0.000000
281474976710655.000000	12.251275	1067	0.000000
281474976710655.000000	12.587745	1068	0.000000
281474976710655.000000	12.405819	1069	0.000000
281474976710655.000000	12.687137	1070	0.000000
281474976710655.000000	12.298595	1071	0.000000
281474976710655.000000	12.097440	1072	0.000000
281474976710655.000000	12.195341	1073	0.000000
281474976710655.000000	12.032690	1074	0.000000
281474976710655.000000	12.139984	1075	0.000000
281474976710655.000000	12.024445	1076	0.000000
281474976710655.000000	12.039017	1077	0.000000
281474976710655.000000	12.032557	1078	0.000000
281474976710655.000000	11.919700	1079	0.000000
281474976710655.000000	12.199287	1080	0.000000
281474976710655.000000	12.124231	1081	0.000000
281474976710655.000000	11.767805	1082	0.000000
281474976710655.000000	11.795931	1083	0.000000
281474976710655.000000	11.543618	1084	0.000000
281474976710655.000000	11.778380	1085	0.000000
281474976710655.000000	11.893543	1086	0.000000
281474976710655.000000	12.206584	1087	0.000000
281474976710655.000000	11.575901	1088	0.000000
281474976710655.000000	12.154579	1089	0.000000
281474976710655.000000	11.660126	1090	0.000000
281474976710655.000000	11.801832	1091	0.000000
281474976710655.000000	11.392296	1092	0.000000
281474976710655.000000	11.725907	1093	0.000000
281474976710655.000000	11.826814	1094	0.000000
281474976710655.000000	11.949522	1095	0.000000
281474976710655.000000	11.656801	1096	0.000000
281474976710655.000000	11.769176	1097	0.000000
281474976710655.000000	11.583498	1098	0.000000
281474976710655.000000	11.958448	1099	0.000000
281474976710655.000000	11.686448	1100	0.000000
281474976710655.000000	11.611173	1101	0.000000
281474976710655.000000	11.865010	1102	0.000000
281474976710655.000000	11.710128	1103	0.000000
281474976710655.000000	11.651761	1104	0.000000
281474976710655.000000	11.476765	1105	0.000000
281474976710655.000000	11.609131	1106	0.000000
281474976710655.000000	11.449218	1107	0.000000
281474976710655.000000	11.322689	1108	0.000000
281474976710655.000000	11.594841	1109	0.000000
281474976710655.000000	11.417062	1110	0.000000
281474976710655.000000	11.502155	1111	0.000000
281474976710655.000000	11.582577	1112	0.000000
281474976710655.000000	11.340027	1113	0.000000
281474976710655.000000	11.294672	1114	0.000000
281474976710655.000000	11.459999	1115	0.000000
281474976710655.000000	11.390312	1116	0.000000
281474976710655.000000	11.629021	1117	0.000000
281474976710655.000000	11.377571	1118	0.000000
281474976710655.000000	11.436762	1119	0.000000
281474976710655.000000	11.576476	1120	0.000000
281474976710655.000000	11.899978	1121	0.000000
281474976710655.000000	11.217389	1122	0.000000
281474976710655.000000	11.103376	1123	0.000000
281474976710655.000000	11.336250	1124	0.000000
281474976710655.000000	11.367564	1125	0.000000
281474976710655.000000	11.236912	1126	0.000000
281474976710655.000000	11.338175	1127	0.000000
281474976710655.000000	11.368830	1128	0.000000
281474976710655.000000	11.251046	1129	0.000000
281474976710655.000000	11.099395	1130	0.000000
281474976710655.000000	10.986421	1131	0.000000
281474976710655.000000	11.032748	1132	0.000000
281474976710655.000000	11.408343	1133	0.000000
281474976710655.000000	11.038749	1134	0.000000
281474976710655.000000	11.154098	1135	0.000000
281474976710655.000000	11.575797	1136	0.000000
281474976710655.000000	11.201122	1137	0.000000
281474976710655.000000	10.957204	1138	0.000000
281474976710655.000000	11.246800	1139	0.000000
281474976710655.000000	11.103590	1140	0.000000
281474976710655.000000	10.884118	1141	0.000000
281474976710655.000000	10.931087	1142	0.000000
281474976710655.000000	10.981488	1143	0.000000
281474976710655.000000	11.064541	1144	0.000000
281474976710655.000000	10.973110	1145	0.000000
281474976710655.000000	10.768123	1146	0.000000
281474976710655.000000	10.898595	1147	0.000000
281474976710655.000000	11.229818	1148	0.000000
281474976710655.000000	11.101685	1149	0.000000
281474976710655.000000	10.912477	1150	0.000000
281474976710655.000000	10.943445	1151	0.000000
281474976710655.000000	10.690203	1152	0.000000
281474976710655.000000	11.234737	1153	0.000000
281474976710655.000000	10.759301	1154	0.000000
281474976710655.000000	10.998459	1155	0.000000
281474976710655.000000	10.932867	1156	0.000000
281474976710655.000000	11.293640	1157	0.000000
281474976710655.000000	11.238993	1158	0.000000
281474976710655.000000	10.694263	1159	0.000000
281474976710655.000000	10.795495	1160	0.000000
281474976710655.000000	10.975418	1161	0.000000
281474976710655.000000	10.576240	1162	0.000000
281474976710655.000000	11.262109	1163	0.000000
281474976710655.000000	10.533387	1164	0.000000
281474976710655.000000	10.748914	1165	0.000000
281474976710655.000000	10.823333	1166	0.000000
281474976710655.000000	10.802048	1167	0.000000
281474976710655.000000	10.566317	1168	0.000000
281474976710655.000000	10.868546	1169	0.000000
281474976710655.000000	10.571310	1170	0.000000
281474976710655.000000	10.710098	1171	0.000000
281474976710655.000000	10.447382	1172	0.000000
281474976710655.000000	10.724595	1173	0.000000
281474976710655.000000	10.664613	1174	0.000000
281474976710655.000000	10.745459	1175	0.000000
281474976710655.000000	10.671904	1176	0.000000
281474976710655.000000	10.376995	1177	0.000000
281474976710655.000000	10.478171	1178	0.000000
281474976710655.000000	10.553631	1179	0.000000
281474976710655.000000	10.591513	1180	0.000000
281474976710655.000000	10.751319	1181	0.000000
281474976710655.000000	10.337237	1182	0.000000
281474976710655.000000	10.528058	1183	0.000000
281474976710655.000000	10.821446	1184	0.000000
281474976710655.000000	10.561786	1185	0.000000
281474976710655.000000	10.681162	1186	0.000000
281474976710655.000000	10.585156	1187	0.000000
281474976710655.000000	10.528407	1188	0.000000
281474976710655.000000	10.648098	1189	0.000000
281474976710655.000000	10.268605	1190	0.000000
281474976710655.000000	10.470716	1191	0.000000
281474976710655.000000	10.018604	1192	0.000000
281474976710655.000000	10.215310	1193	0.000000
281474976710655.000000	10.221844	1194	0.000000
281474976710655.000000	10.462984	1195	0.000000
281474976710655.000000	10.359767	1196	0.000000
281474976710655.000000	10.759073	1197	0.000000
281474976710655.000000	10.565492	1198	0.000000
281474976710655.000000	10.445689	1199	0.000000
281474976710655.000000	10.420225	1200	0.000000
281474976710655.000000	10.521145	1201	0.000000
281474976710655.000000	10.179523	1202	0.000000
281474976710655.000000	10.197746	1203	0.000000
281474976710655.000000	10.426658	1204	0.000000
281474976710655.000000	10.413125	1205	0.000000
281474976710655.000000	10.292655	1206	0.000000
281474976710655.000000	10.224311	1207	0.000000
281474976710655.000000	10.230753	1208	0.000000
281474976710655.000000	10.404578	1209	0.000000
281474976710655.000000	10.301326	1210	0.000000
281474976710655.000000	10.411619	1211	0.000000
281474976710655.000000	10.135839	1212	0.000000
281474976710655.000000	10.075828	1213	0.000000
281474976710655.000000	10.178947	1214	0.000000
281474976710655.000000	10.340593	1215	0.000000
281474976710655.000000	9.885392	1216	0.000000
281474976710655.000000	10.235134	1217	0.000000
281474976710655.000000	10.047725	1218	0.000000
281474976710655.000000	10.403118	1219	0.000000
281474976710655.000000	9.862750	1220	0.000000
281474976710655.000000	10.155061	1221	0.000000
281474976710655.000000	10.001750	1222	0.000000
281474976710655.000000	9.921570	1223	0.000000
281474976710655.000000	9.937896	1224	0.000000
281474976710655.000000	10.066443	1225	0.000000
281474976710655.000000	10.235816	1226	0.000000
281474976710655.000000	9.871546	1227	0.000000
281474976710655.000000	10.163171	1228	0.000000
281474976710655.000000	10.532949	1229	0.000000
281474976710655.000000	9.793301	1230	0.000000
281474976710655.000000	9.913849	1231	0.000000
281474976710655.000000	9.737673	1232	0.000000
281474976710655.000000	9.904454	1233	0.000000
281474976710655.000000	9.806872	1234	0.000000
281474976710655.000000	10.021615	1235	0.000000
281474976710655.000000	10.274237	1236	0.000000
281474976710655.000000	9.840361	1237	0.000000
281474976710655.000000	9.989741	1238	0.000000
281474976710655.000000	9.748296	1239	0.000000
281474976710655.000000	9.810399	1240	0.000000
281474976710655.000000	10.119114	1241	0.000000
281474976710655.000000	9.862534	1242	0.000000
281474976710655.000000	9.891397	1243	0.000000
281474976710655.000000	9.705014	1244	0.000000
281474976710655.000000	9.793443	1245	0.000000
281474976710655.000000	9.753779	1246	0.000000
281474976710655.000000	9.886995	1247	0.000000
281474976710655.000000	9.741296	1248	0.000000
281474976710655.000000	9.980599	1249	0.000000
281474976710655.000000	9.878633	1250	0.000000
281474976710655.000000	9.777532	1251	0.000000
281474976710655.000000	9.542796	1252	0.000000
281474976710655.000000	9.623389	1253	0.000000
281474976710655.000000	9.581200	1254	0.000000
281474976710655.000000	9.813511	1255	0.000000
281474976710655.000000	9.581369	1256	0.000000
281474976710655.000000	9.754484	1257	0.000000
281474976710655.000000	9.586874	1258	0.000000
281474976710655.000000	9.553933	1259	0.000000
281474976710655.000000	9.749958	1260	0.000000
281474976710655.000000	9.665019	1261	0.000000
281474976710655.000000	9.424667	1262	0.000000
281474976710655.000000	9.722915	1263	0.000000
281474976710655.000000	9.718881	1264	0.000000
281474976710655.000000	10.005919	1265	0.000000
281474976710655.000000	9.603358	1266	0.000000
281474976710655.000000	9.677572	1267	0.000000
281474976710655.000000	9.554130	1268	0.000000
281474976710655.000000	9.719004	1269	0.000000
281474976710655.000000	9.677577	1270	0.000000
281474976710655.000000	9.500602	1271	0.000000
281474976710655.000000	9.431917	1272	0.000000
281474976710655.000000	9.585536	1273	0.000000
281474976710655.000000	9.530447	1274	0.000000
281474976710655.000000	9.636671	1275	0.000000
281474976710655.000000	9.458788	1276	0.000000
281474976710655.000000	9.412405	1277	0.000000
281474976710655.000000	9.286666	1278	0.000000
281474976710655.000000	9.412240	1279	0.000000
281474976710655.000000	9.222793	1280	0.000000
281474976710655.000000	9.481743	1281	0.000000
281474976710655.000000	9.338108	1282	0.000000
281474976710655.000000	9.446745	1283	0.000000
281474976710655.000000	9.328102	1284	0.000000
281474976710655.000000	9.393797	1285	0.000000
281474976710655.000000	9.361093	1286	0.000000
281474976710655.000000	9.547478	1287	0.000000
281474976710655.000000	9.302409	1288	0.000000
281474976710655.000000	9.492640	1289	0.000000
281474976710655.000000	9.526667	1290	0.000000
281474976710655.000000	9.534338	1291	0.000000
281474976710655.000000	9.337520	1292	0.000000
281474976710655.000000	9.464417	1293	0.000000
281474976710655.000000	9.336842	1294	0.000000
281474976710655.000000	9.436977	1295	0.000000
281474976710655.000000	9.658099	1296	0.000000
281474976710655.000000	9.351235	1297	0.000000
281474976710655.000000	9.272861	1298	0.000000
281474976710655.000000	9.461589	1299	0.000000
281474976710655.000000	9.271104	1300	0.000000
281474976710655.000000	9.227652	1301	0.000000
281474976710655.000000	9.224010	1302	0.000000
281474976710655.000000	9.287228	1303	0.000000
281474976710655.000000	9.347530	1304	0.000000
281474976710655.000000	9.358115	1305	0.000000
281474976710655.000000	9.206316	1306	0.000000
281474976710655.000000	9.152864	1307	0.000000
281474976710655.000000	9.313584	1308	0.000000
281474976710655.000000	9.135929	1309	0.000000
281474976710655.000000	9.106687	1310	0.000000
281474976710655.000000	9.373858	1311	0.000000
281474976710655.000000	8.984834	1312	0.000000
281474976710655.000000	8.996083	1313	0.000000
281474976710655.000000	9.183100	1314	0.000000
281474976710655.000000	9.168577	1315	0.000000
281474976710655.000000	9.253787	1316	0.000000
281474976710655.000000	9.192411	1317	0.000000
281474976710655.000000	8.948374	1318	0.000000
281474976710655.000000	9.239218	1319	0.000000
281474976710655.000000	9.083003	1320	0.000000
281474976710655.000000	9.083993	1321	0.000000
281474976710655.000000	8.955110	1322	0.000000
281474976710655.000000	9.139489	1323	0.000000
281474976710655.000000	8.842811	1324	0.000000
281474976710655.000000	9.169196	1325	0.000000
281474976710655.000000	8.992933	1326	0.000000
281474976710655.000000	9.085028	1327	0.000000
281474976710655.000000	9.154614	1328	0.000000
281474976710655.000000	9.064824	1329	0.000000
281474976710655.000000	8.980681	1330	0.000000
281474976710655.000000	9.101712	1331	0.000000
281474976710655.000000	8.955683	1332	0.000000
281474976710655.000000	9.008572	1333	0.000000
281474976710655.000000	8.862402	1334	0.000000
281474976710655.000000	8.936140	1335	0.000000
281474976710655.000000	9.045256	1336	0.000000
281474976710655.000000	8.775818	1337	0.000000
281474976710655.000000	8.921841	1338	0.000000
281474976710655.000000	9.106576	1339	0.000000
281474976710655.000000	8.860622	1340	0.000000
281474976710655.000000	8.950860	1341	0.000000
281474976710655.000000	8.824449	1342	0.000000
281474976710655.000000	8.994614	1343	0.000000
281474976710655.000000	8.929494	1344	0.000000
281474976710655.000000	9.061366	1345	0.000000
281474976710655.000000	8.716871	1346	0.000000
281474976710655.000000	8.829069	1347	0.000000
281474976710655.000000	8.986654	1348	0.000000
281474976710655.000000	8.866909	1349	0.000000
281474976710655.000000	8.775758	1350	0.000000
281474976710655.000000	8.880109	1351	0.000000
281474976710655.000000	8.636221	1352	0.000000
281474976710655.000000	8.761101	1353	0.000000
281474976710655.000000	8.852237	1354	0.000000
281474976710655.000000	8.809033	1355	0.000000
281474976710655.000000	9.041959	1356	0.000000
281474976710655.000000	8.712303	1357	0.000000
281474976710655.000000	8.807154	1358	0.000000
281474976710655.000000	8.802918	1359	0.000000
281474976710655.000000	8.669708	1360	0.000000
281474976710655.000000	8.786159	1361	0.000000
281474976710655.000000	8.688752	1362	0.000000
281474976710655.000000	8.656563	1363	0.000000
281474976710655.000000	8.799065	1364	0.000000
281474976710655.000000	8.707140	1365	0.000000
281474976710655.000000	8.686101	1366	0.000000
281474976710655.000000	8.780194	1367	0.000000
281474976710655.000000	8.726334	1368	0.000000
281474976710655.000000	8.692238	1369	0.000000
281474976710655.000000	8.697936	1370	0.000000
281474976710655.000000	8.754141	1371	0.000000
281474976710655.000000	8.667430	1372	0.000000
281474976710655.000000	8.716146	1373	0.000000
281474976710655.000000	8.727448	1374	0.000000
281474976710655.000000	8.567390	1375	0.000000
281474976710655.000000	8.798392	1376	0.000000
281474976710655.000000	8.761732	1377	0.000000
281474976710655.000000	8.517204	1378	0.000000
281474976710655.000000	8.763531	1379	0.000000
281474976710655.000000	8.722556	1380	0.000000
281474976710655.000000	8.552930	1381	0.000000
281474976710655.000000	8.508615	1382	0.000000
281474976710655.000000	8.519039	1383	0.000000
281474976710655.000000	8.599010	1384	0.000000
281474976710655.000000	8.696314	1385	0.000000
281474976710655.000000	8.378479	1386	0.000000
281474976710655.000000	8.661505	1387	0.000000
281474976710655.000000	8.576899	1388	0.000000
281474976710655.000000	8.683779	1389	0.000000
281474976710655.000000	8.641278	1390	0.000000
281474976710655.000000	8.513935	1391	0.000000
281474976710655.000000	8.568214	1392	0.000000
281474976710655.000000	8.479502	1393	0.000000
281474976710655.000000	8.559431	1394	0.000000
281474976710655.000000	8.580299	1395	0.000000
281474976710655.000000	8.505823	1396	0.000000
281474976710655.000000	8.401199	1397	0.000000
281474976710655.000000	8.483983	1398	0.000000
281474976710655.000000	8.412692	1399	0.000000
281474976710655.000000	8.503382	1400	0.000000
281474976710655.000000	8.292271	1401	0.000000
281474976710655.000000	8.638665	1402	0.000000
281474976710655.000000	8.250926	1403	0.000000
281474976710655.000000	8.454875	1404	0.000000
281474976710655.000000	8.646575	1405	0.000000
281474976710655.000000	8.403934	1406	0.000000
281474976710655.000000	8.469580	1407	0.000000
281474976710655.000000	8.378259	1408	0.000000
281474976710655.000000	8.436727	1409	0.000000
281474976710655.000000	8.403596	1410	0.000000
281474976710655.000000	8.343493	1411	0.000000
281474976710655.000000	8.243310	1412	0.000000
281474976710655.000000	8.445114	1413	0.000000
281474976710655.000000	8.422825	1414	0.000000
281474976710655.000000	8.386962	1415	0.000000
281474976710655.000000	8.460388	1416	0.000000
281474976710655.000000	8.349838	1417	0.000000
281474976710655.000000	8.329762	1418	0.000000
281474976710655.000000	8.269762	1419	0.000000
281474976710655.000000	8.433464	1420	0.000000
281474976710655.000000	8.210554	1421	0.000000
281474976710655.000000	8.401884	1422	0.000000
281474976710655.000000	8.281672	1423	0.000000
281474976710655.000000	8.410989	1424	0.000000
281474976710655.000000	8.231644	1425	0.000000
281474976710655.000000	8.278355	1426	0.000000
281474976710655.000000	8.292130	1427	0.000000
281474976710655.000000	8.250143	1428	0.000000
281474976710655.000000	8.118084	1429	0.000000
281474976710655.000000	8.320545	1430	0.000000
281474976710655.000000	8.316793	1431	0.000000
281474976710655.000000	8.078205	1432	0.000000
281474976710655.000000	8.127517	1433	0.000000
281474976710655.000000	8.078512	1434	0.000000
281474976710655.000000	8.097494	1435	0.000000
281474976710655.000000	8.300828	1436	0.000000
281474976710655.000000	8.158138	1437	0.000000
281474976710655.000000	8.140038	1438	0.000000
281474976710655.000000	8.222869	1439	0.000000
281474976710655.000000	8.240300	1440	0.000000
281474976710655.000000	8.130695	1441	0.000000
281474976710655.000000	8.209721	1442	0.000000
281474976710655.000000	8.071905	1443	0.000000
281474976710655.000000	8.266183	1444	0.000000
281474976710655.000000	8.043474	1445	0.000000
281474976710655.000000	8.229962	1446	0.000000
281474976710655.000000	8.212175	1447	0.000000
281474976710655.000000	8.147912	1448	0.000000
281474976710655.000000	8.114827	1449	0.000000
281474976710655.000000	8.267879	1450	0.000000
281474976710655.000000	8.005715	1451	0.000000
281474976710655.000000	8.160734	1452	0.000000
281474976710655.000000	8.020650	1453	0.000000
281474976710655.000000	8.181425	1454	0.000000
281474976710655.000000	8.005310	1455	0.000000
281474976710655.000000	8.123173	1456	0.000000
281474976710655.000000	8.016851	1457	0.000000
281474976710655.000000	8.045461	1458	0.000000
281474976710655.000000	8.005664	1459	0.000000
281474976710655.000000	8.081132	1460	0.000000
281474976710655.000000	7.945578	1461	0.000000
281474976710655.000000	8.033231	1462	0.000000
281474976710655.000000	7.936108	1463	0.000000
281474976710655.000000	8.114104	1464	0.000000
281474976710655.000000	7.987343	1465	0.000000
281474976710655.000000	7.941731	1466	0.000000
281474976710655.000000	7.851859	1467	0.000000
281474976710655.000000	7.831440	1468	0.000000
281474976710655.000000	7.873349	1469	0.000000
281474976710655.000000	8.014776	1470	0.000000
281474976710655.000000	7.879799	1471	0.000000
281474976710655.000000	7.984938	1472	0.000000
281474976710655.000000	7.821088	1473	0.000000
281474976710655.000000	7.940057	1474	0.000000
281474976710655.000000	7.852129	1475	0.000000
281474976710655.000000	7.957974	1476	0.000000
281474976710655.000000	7.793137	1477	0.000000
281474976710655.000000	7.916594	1478	0.000000
281474976710655.000000	7.727974	1479	0.000000
281474976710655.000000	7.973256	1480	0.000000
281474976710655.000000	7.818885	1481	0.000000
281474976710655.000000	7.972218	1482	0.000000
281474976710655.000000	7.903593	1483	0.000000
281474976710655.000000	7.861913	1484	0.000000
281474976710655.000000	7.922435	1485	0.000000
281474976710655.000000	7.795961	1486	0.000000
281474976710655.000000	7.826084	1487	0.000000
281474976710655.000000	7.982839	1488	0.000000
281474976710655.000000	7.657259	1489	0.000000
281474976710655.000000	7.893791	1490	0.000000
281474976710655.000000	7.641497	1491	0.000000
281474976710655.000000	7.759552	1492	0.000000
281474976710655.000000	7.829166	1493	0.000000
281474976710655.000000	7.757256	1494	0.000000
281474976710655.000000	7.730551	1495	0.000000
281474976710655.000000	7.820566	1496	0.000000
281474976710655.000000	7.760927	1497	0.000000
281474976710655.000000	7.891323	1498	0.000000
281474976710655.000000	7.628120	1499	0.000000
281474976710655.000000	7.861744	1500	0.000000
281474976710655.000000	7.739331	1501	0.000000
281474976710655.000000	7.723339	1502	0.000000
281474976710655.000000	7.621598	1503	0.000000
281474976710655.000000	7.660356	1504	0.000000
281474976710655.000000	7.493855	1505	0.000000
281474976710655.000000	7.751152	1506	0.000000
281474976710655.000000	7.674989	1507	0.000000
281474976710655.000000	7.872875	1508	0.000000
281474976710655.000000	7.539420	1509	0.000000
281474976710655.000000	7.812936	1510	0.000000
281474976710655.000000	7.647092	1511	0.000000
281474976710655.000000	7.608493	1512	0.000000
281474976710655.000000	7.503015	1513	0.000000
281474976710655.000000	7.642960	1514	0.000000
281474976710655.000000	7.440172	1515	0.000000
281474976710655.000000	7.839610	1516	0.000000
281474976710655.000000	7.495231	1517	0.000000
281474976710655.000000	7.661121	1518	0.000000
281474976710655.000000	7.631910	1519	0.000000
281474976710655.000000	7.539476	1520	0.000000
281474976710655.000000	7.494188	1521	0.000000
281474976710655.000000	7.731389	1522	0.000000
281474976710655.000000	7.442643	1523	0.000000
281474976710655.000000	7.603071	1524	0.000000
281474976710655.000000	7.423284	1525	0.000000
281474976710655.000000	7.672043	1526	0.000000
281474976710655.000000	7.391649	1527	0.000000
281474976710655.000000	7.561635	1528	0.000000
281474976710655.000000	7.500106	1529	0.000000
281474976710655.000000	7.689140	1530	0.000000
281474976710655.000000	7.478795	1531	0.000000
281474976710655.000000	7.587211	1532	0.000000
281474976710655.000000	7.333003	1533	0.000000
281474976710655.000000	7.509004	1534	0.000000
281474976710655.000000	7.378570	1535	0.000000
281474976710655.000000	7.443442	1536	0.000000
281474976710655.000000	7.403913	1537	0.000000
281474976710655.000000	7.426384	1538	0.000000
281474976710655.000000	7.391788	1539	0.000000
281474976710655.000000	7.486024	1540	0.000000
281474976710655.000000	7.345068	1541	0.000000
281474976710655.000000	7.526440	1542	0.000000
281474976710655.000000	7.321475	1543	0.000000
281474976710655.000000	7.418540	1544	0.000000
281474976710655.000000	7.220244	1545	0.000000
281474976710655.000000	7.425600	1546	0.000000
281474976710655.000000	7.324495	1547	0.000000
281474976710655.000000	7.379726	1548	0.000000
281474976710655.000000	7.192371	1549	0.000000
281474976710655.000000	7.326422	1550	0.000000
281474976710655.000000	7.184327	1551	0.000000
281474976710655.000000	7.310481	1552	0.000000
281474976710655.000000	7.227460	1553	0.000000
281474976710655.000000	7.526005	1554	0.000000
281474976710655.000000	7.252561	1555	0.000000
281474976710655.000000	7.398903	1556	0.000000
281474976710655.000000	7.362164	1557	0.000000
281474976710655.000000	7.334143	1558	0.000000
281474976710655.000000	7.210891	1559	0.000000
281474976710655.000000	7.328634	1560	0.000000
281474976710655.000000	7.277938	1561	0.000000
281474976710655.000000	7.324340	1562	0.000000
281474976710655.000000	7.129087	1563	0.000000
281474976710655.000000	7.216613	1564	0.000000
281474976710655.000000	7.279083	1565	0.000000
281474976710655.000000	7.196023	1566	0.000000
281474976710655.000000	7.115348	1567	0.000000
281474976710655.000000	7.210089	1568	0.000000
281474976710655.000000	7.172456	1569	0.000000
281474976710655.000000	7.316365	1570	0.000000
281474976710655.000000	7.082291	1571	0.000000
281474976710655.000000	7.293471	1572	0.000000
281474976710655.000000	7.196850	1573	0.000000
281474976710655.000000	7.232204	1574	0.000000
281474976710655.000000	7.103374	1575	0.000000
281474976710655.000000	7.170094	1576	0.000000
281474976710655.000000	6.960294	1577	0.000000
281474976710655.000000	7.285256	1578	0.000000
281474976710655.000000	6.959438	1579	0.000000
281474976710655.000000	7.315890	1580	0.000000
281474976710655.000000	7.002208	1581	0.000000
281474976710655.000000	7.227981	1582	0.000000
281474976710655.000000	6.993350	1583	0.000000
281474976710655.000000	7.216427	1584	0.000000
281474976710655.000000	7.092602	1585	0.000000
281474976710655.000000	7.193532	1586	0.000000
281474976710655.000000	6.911607	1587	0.000000
281474976710655.000000	7.082920	1588	0.000000
281474976710655.000000	6.986695	1589	0.000000
281474976710655.000000	7.183127	1590	0.000000
281474976710655.000000	7.016306	1591	0.000000
281474976710655.000000	7.065079	1592	0.000000
281474976710655.000000	6.950457	1593	0.000000
281474976710655.000000	7.142408	1594	0.000000
281474976710655.000000	6.903697	1595	0.000000
281474976710655.000000	7.083067	1596	0.000000
281474976710655.000000	6.946826	1597	0.000000
281474976710655.000000	7.027209	1598	0.000000
281474976710655.000000	6.863777	1599	0.000000
281474976710655.000000	7.039409	1600	0.000000
281474976710655.000000	6.963921	1601	0.000000
281474976710655.000000	6.963661	1602	0.000000
281474976710655.000000	6.814816	1603	0.000000
281474976710655.000000	7.044410	1604	0.000000
281474976710655.000000	6.886770	1605	0.000000
281474976710655.000000	6.924567	1606	0.000000
281474976710655.000000	6.847644	1607	0.000000
281474976710655.000000	7.001100	1608	0.000000
281474976710655.000000	6.847359	1609	0.000000
281474976710655.000000	6.849777	1610	0.000000
281474976710655.000000	6.914532	1611	0.000000
281474976710655.000000	6.920771	1612	0.000000
281474976710655.000000	6.791503	1613	0.000000
281474976710655.000000	6.878968	1614	0.000000
281474976710655.000000	6.787772	1615	0.000000
281474976710655.000000	7.035363	1616	0.000000
281474976710655.000000	6.777871	1617	0.000000
281474976710655.000000	6.919189	1618	0.000000
281474976710655.000000	6.754234	1619	0.000000
281474976710655.000000	6.867551	1620	0.000000
281474976710655.000000	6.743151	1621	0.000000
281474976710655.000000	6.913726	1622	0.000000
281474976710655.000000	6.665349	1623	0.000000
281474976710655.000000	6.793066	1624	0.000000
281474976710655.000000	6.724579	1625	0.000000
281474976710655.000000	6.823883	1626	0.000000
281474976710655.000000	6.673047	1627	0.000000
281474976710655.000000	6.767424	1628	0.000000
281474976710655.000000	6.562745	1629	0.000000
281474976710655.000000	6.950324	1630	0.000000
281474976710655.000000	6.618896	1631	0.000000
281474976710655.000000	6.808162	1632	0.000000
281474976710655.000000	6.675799	1633	0.000000
281474976710655.000000	6.722908	1634	0.000000
281474976710655.000000	6.783138	1635	0.000000
281474976710655.000000	6.821108	1636	0.000000
281474976710655.000000	6.594148	1637	0.000000
281474976710655.000000	6.703517	1638	0.000000
281474976710655.000000	6.574134	1639	0.000000
281474976710655.000000	6.738348	1640	0.000000
281474976710655.000000	6.677619	1641	0.000000
281474976710655.000000	6.697741	1642	0.000000
281474976710655.000000	6.676196	1643	0.000000
281474976710655.000000	6.737607	1644	0.000000
281474976710655.000000	6.624322	1645	0.000000
281474976710655.000000	6.753807	1646	0.000000
281474976710655.000000	6.468113	1647	0.000000
281474976710655.000000	6.636772	1648	0.000000
281474976710655.000000	6.520629	1649	0.000000
281474976710655.000000	6.692613	1650	0.000000
281474976710655.000000	6.568697	1651	0.000000
281474976710655.000000	6.639064	1652	0.000000
281474976710655.000000	6.544271	1653	0.000000
281474976710655.000000	6.667886	1654	0.000000
281474976710655.000000	6.497792	1655	0.000000
281474976710655.000000	6.608169	1656	0.000000
281474976710655.000000	6.419056	1657	0.000000
281474976710655.000000	6.605649	1658	0.000000
281474976710655.000000	6.389523	1659	0.000000
281474976710655.000000	6.592450	1660	0.000000
281474976710655.000000	6.407073	1661	0.000000
281474976710655.000000	6.548780	1662	0.000000
281474976710655.000000	6.522653	1663	0.000000
281474976710655.000000	6.672808	1664	0.000000
281474976710655.000000	6.385170	1665	0.000000
281474976710655.000000	6.613015	1666	0.000000
281474976710655.000000	6.401750	1667	0.000000
281474976710655.000000	6.508520	1668	0.000000
281474976710655.000000	6.389826	1669	0.000000
281474976710655.000000	6.525663	1670	0.000000
281474976710655.000000	6.376503	1671	0.000000
281474976710655.000000	6.428901	1672	0.000000
281474976710655.000000	6.402304	1673	0.000000
281474976710655.000000	6.497753	1674	0.000000
281474976710655.000000	6.319024	1675	0.000000
281474976710655.000000	6.525603	1676	0.000000
281474976710655.000000	6.334726	1677	0.000000
281474976710655.000000	6.428747	1678	0.000000
281474976710655.000000	6.353420	1679	0.000000
281474976710655.000000	6.460217	1680	0.000000
281474976710655.000000	6.305794	1681	0.000000
281474976710655.000000	6.430562	1682	0.000000
281474976710655.000000	6.270597	1683	0.000000
281474976710655.000000	6.472595	1684	0.000000
281474976710655.000000	6.323366	1685	0.000000
281474976710655.000000	6.400534	1686	0.000000
281474976710655.000000	6.273637	1687	0.000000
281474976710655.000000	6.393086	1688	0.000000
281474976710655.000000	6.216251	1689	0.000000
281474976710655.000000	6.466681	1690	0.000000
281474976710655.000000	6.202042	1691	0.000000
281474976710655.000000	6.337018	1692	0.000000
281474976710655.000000	6.226053	1693	0.000000
281474976710655.000000	6.364861	1694	0.000000
281474976710655.000000	6.257802	1695	0.000000
281474976710655.000000	6.359942	1696	0.000000
281474976710655.000000	6.252610	1697	0.000000
281474976710655.000000	6.351429	1698	0.000000
281474976710655.000000	6.153920	1699	0.000000
281474976710655.000000	6.330880	1700	0.000000
281474976710655.000000	6.226052	1701	0.000000
281474976710655.000000	6.235267	1702	0.000000
281474976710655.000000	6.217712	1703	0.000000
281474976710655.000000	6.311251	1704	0.000000
281474976710655.000000	6.174245	1705	0.000000
281474976710655.000000	6.267244	1706	0.000000
281474976710655.000000	6.148093	1707	0.000000
281474976710655.000000	6.202929	1708	0.000000
281474976710655.000000	6.127544	1709	0.000000
281474976710655.000000	6.276460	1710	0.000000
281474976710655.000000	6.113688	1711	0.000000
281474976710655.000000	6.211187	1712	0.000000
281474976710655.000000	6.106022	1713	0.000000
281474976710655.000000	6.211623	1714	0.000000
281474976710655.000000	6.125836	1715	0.000000
281474976710655.000000	6.115452	1716	0.000000
281474976710655.000000	6.111872	1717	0.000000
281474976710655.000000	6.152525	1718	0.000000
281474976710655.000000	6.052851	1719	0.000000
281474976710655.000000	6.105495	1720	0.000000
281474976710655.000000	6.070012	1721	0.000000
281474976710655.000000	6.173749	1722	0.000000
281474976710655.000000	6.001612	1723	0.000000
281474976710655.000000	6.153107	1724	0.000000
281474976710655.000000	5.920309	1725	0.000000
281474976710655.000000	6.139178	1726	0.000000
281474976710655.000000	6.069233	1727	0.000000
281474976710655.000000	6.094244	1728	0.000000
281474976710655.000000	6.028996	1729	0.000000
281474976710655.000000	6.083524	1730	0.000000
281474976710655.000000	5.962351	1731	0.000000
281474976710655.000000	6.100222	1732	0.000000
281474976710655.000000	5.967773	1733	0.000000
281474976710655.000000	6.036740	1734	0.000000
281474976710655.000000	5.964897	1735	0.000000
281474976710655.000000	6.054304	1736	0.000000
281474976710655.000000	5.949724	1737	0.000000
281474976710655.000000	6.004193	1738	0.000000
281474976710655.000000	5.894049	1739	0.000000
281474976710655.000000	5.978418	1740	0.000000
281474976710655.000000	5.888498	1741	0.000000
281474976710655.000000	6.048480	1742	0.000000
281474976710655.000000	5.978611	1743	0.000000
281474976710655.000000	6.054464	1744	0.000000
281474976710655.000000	5.887560	1745	0.000000
281474976710655.000000	5.933646	1746	0.000000
281474976710655.000000	5.887197	1747	0.000000
281474976710655.000000	5.947643	1748	0.000000
281474976710655.000000	5.842644	1749	0.000000
281474976710655.000000	5.972393	1750	0.000000
281474976710655.000000	5.888216	1751	0.000000
281474976710655.000000	5.922106	1752	0.000000
281474976710655.000000	5.809757	1753	0.000000
281474976710655.000000	5.850068	1754	0.000000
281474976710655.000000	5.801487	1755	0.000000
281474976710655.000000	5.861169	1756	0.000000
281474976710655.000000	5.826205	1757	0.000000
281474976710655.000000	5.880847	1758	0.000000
281474976710655.000000	5.727067	1759	0.000000
281474976710655.000000	5.869658	1760	0.000000
281474976710655.000000	5.719049	1761	0.000000
281474976710655.000000	5.830109	1762	0.000000
281474976710655.000000	5.754957	1763	0.000000
281474976710655.000000	5.848105	1764	0.000000
281474976710655.000000	5.727262	1765	0.000000
281474976710655.000000	5.866745	1766	0.000000
281474976710655.000000	5.824487	1767	0.000000
281474976710655.000000	5.864432	1768	0.000000
281474976710655.000000	5.705220	1769	0.000000
281474976710655.000000	5.814456	1770	0.000000
281474976710655.000000	5.773197	1771	0.000000
281474976710655.000000	5.804185	1772	0.000000
281474976710655.000000	5.774659	1773	0.000000
281474976710655.000000	5.770795	1774	0.000000
281474976710655.000000	5.707921	1775	0.000000
281474976710655.000000	5.705457	1776	0.000000
281474976710655.000000	5.676520	1777	0.000000
281474976710655.000000	5.713611	1778	0.000000
281474976710655.000000	5.634671	1779	0.000000
281474976710655.000000	5.786036	1780	0.000000
281474976710655.000000	5.714918	1781	0.000000
281474976710655.000000	5.759967	1782	0.000000
281474976710655.000000	5.639505	1783	0.000000
281474976710655.000000	5.657281	1784	0.000000
281474976710655.000000	5.648374	1785	0.000000
281474976710655.000000	5.689271	1786	0.000000
281474976710655.000000	5.688458	1787	0.000000
281474976710655.000000	5.654726	1788	0.000000
281474976710655.000000	5.609183	1789	0.000000
281474976710655.000000	5.640901	1790	0.000000
281474976710655.000000	5.599132	1791	0.000000
281474976710655.000000	5.663409	1792	0.000000
281474976710655.000000	5.628588	1793	0.000000
281474976710655.000000	5.665846	1794	0.000000
281474976710655.000000	5.568453	1795	0.000000
281474976710655.000000	5.616514	1796	0.000000
281474976710655.000000	5.579362	1797	0.000000
281474976710655.000000	5.589950	1798	0.000000
281474976710655.000000	5.543972	1799	0.000000
281474976710655.000000	5.637711	1800	0.000000
